1   00002   00001   10,20,100,200   FAULTY
0   00001   00001   0,0,1000,1000   #000000
1   00025   00001   100,100,200,200   #205080
1   00026   00001   150,150,250,250   #205080
1   00093   00001   -100,-100,200,200   #205080
1   00097   00001   800,-200,1100,-100,1100,100,800,100,700,-100   #205080
1   00092   00001   100,100,200,200,400,900,-50,1100,-100,600,-75,300   #205080
1   00091   00001   200,-100,400,-50,400,100,150,100,100,-50   #205080
1   00098   00001   200,300,400,200,600,300,400,500,200,500   #205080
0   00001   00001   0,0,1000,1000   FAULTY
1   00014   00005   10,20,100,200   FAULTY
1   00002   00001   900,500,1100,700   #205080
1   00035   00001   400,900,600,1100   #205080
1   00058   00001   900,900,1100,1100   #205080
1   00003   00001   50,80,100   #902040
0   00004   00001   600,700,1100,1000   #00ff00
1   00005   00004   0,10,70,400   #00a080
1   00006   00004   0,0,0,100,50,200   #d0d0d0
1   00018   00004   900,200,1300,400,900,600   #d0d0d0
1   00007   00001   100,100,0,0   #902040
1   00007   00001   100,100,0,0   FAULTY
1   00008   00001   100,100,200,200   #902040
1   00009   00004   0,0,50   #902040
1   00014   00004   0,0   FAULTY
0   00010   00004   200,0,300,300   #205080
1   00011   00010   0,0,50,0,75,25,124,100,0,100   #d0d0d0
1   00012   00010   100,0,100,100   #902040
1   00013   00010   0,0,0,0,0   FAULTY
0   00010   00004   200,0,300,300   FAULTY
0   00014   00004   200,0,300   FAULTY